"axis": [-1.19981072843074798584e-01, -3.93366336822509765625e-01, -9.11519289016723632812e-01, 7.06894323229789733887e-02, 2.28820115327835083008e-01, 6.64963781833648681641e-01],
    "diap": [-4.21183679387865494981e-01, 5.32539273784531586031e-01],
    "radius": 0.119321273442


"rv": [-3.06391644477844238281e+00, -9.62445046752691268921e-04, -2.92400224134325981140e-03],
        "tv": [-5.22373151034116744995e-03, 3.90338562428951263428e-02, 6.36819660663604736328e-01]





old


"axis": [-9.77661684155464172363e-02, -3.36179792881011962891e-01, -9.36709642410278320312e-01, 5.23753724992275238037e-02, 1.78788498044013977051e-01, 5.53194165229797363281e-01],
    				"diap": [-5.01056088363485585546e-01, 4.47872536581842894954e-01],
    				"radius": 0.0898351855211

    				"rv": [3.11209821701049804688e+00, 1.20170472655445337296e-03, -4.01155054569244384766e-01],
        	"tv": [2.92689800262451171875e-02, 3.53275127708911895752e-02, 1.28878343105316162109e+00]
